2.344991898675037600e-02
-4.586941854776842575e+00
-2.041245034989355722e-01
3.148406084842433339e-01
8.502699055951599139e-01
3.232084016871588084e+00
-1.941421709764515890e-01
4.156388936380506216e+00
3.312005456818486948e+01
-3.191655480592157534e+00
-6.144915157780603820e+00
5.268308285549555547e-03
-2.553723333716551380e+01
3.214572369604166369e+00
3.306330191229219562e+00
4.783834776026498048e+01
1.962142390222226851e+01
-2.493433207617007152e+00
1.374757241176303602e+00
-4.635493232249226736e+01
